15  15  15  1
15  1  7  94  1  13  66  1  5  10  1  8  53  1  4  26  1  3  15  1  11  65  1  12  82  1  9  10  1  15  27  1  10  93  1  14  92  1  6  96  1  1  70  1  2  83
15  1  5  74  1  6  31  1  8  88  1  15  51  1  14  57  1  9  78  1  12  8  1  10  7  1  7  91  1  11  79  1  1  18  1  4  51  1  13  18  1  2  99  1  3  33
15  1  2  4  1  9  82  1  10  40  1  13  86  1  7  50  1  12  54  1  14  21  1  6  6  1  1  54  1  3  68  1  8  82  1  11  20  1  5  39  1  4  35  1  15  68
15  1  6  73  1  3  23  1  10  30  1  7  30  1  11  53  1  1  94  1  14  58  1  5  93  1  8  32  1  15  91  1  12  30  1  9  56  1  13  27  1  2  92  1  4  9
15  1  8  78  1  9  23  1  7  21  1  11  60  1  5  36  1  10  29  1  3  95  1  15  99  1  13  79  1  6  76  1  2  93  1  14  42  1  12  52  1  1  42  1  4  96
15  1  6  29  1  4  61  1  13  88  1  14  70  1  12  16  1  5  31  1  15  65  1  8  83  1  3  78  1  2  26  1  11  50  1  1  87  1  10  62  1  7  14  1  9  30
15  1  13  18  1  4  75  1  8  20  1  9  4  1  15  91  1  7  68  1  2  19  1  12  54  1  5  85  1  6  73  1  3  43  1  11  24  1  1  37  1  14  87  1  10  66
15  1  12  32  1  6  52  1  1  9  1  8  49  1  13  61  1  14  35  1  15  99  1  2  62  1  3  6  1  9  62  1  5  7  1  4  80  1  10  3  1  7  57  1  11  7
15  1  11  85  1  12  30  1  7  96  1  15  91  1  1  13  1  2  87  1  3  82  1  6  83  1  13  78  1  5  56  1  9  85  1  8  8  1  10  66  1  14  88  1  4  15
15  1  7  5  1  12  59  1  10  30  1  3  60  1  9  41  1  1  17  1  14  66  1  4  89  1  11  78  1  8  88  1  2  69  1  13  45  1  15  82  1  5  6  1  6  13
15  1  5  90  1  8  27  1  14  1  1  1  8  1  6  91  1  13  80  1  7  89  1  9  49  1  15  32  1  11  28  1  4  90  1  2  93  1  12  6  1  10  35  1  3  73
15  1  3  47  1  15  43  1  1  75  1  13  8  1  7  51  1  11  3  1  8  84  1  6  34  1  9  28  1  10  60  1  14  69  1  2  45  1  4  67  1  12  58  1  5  87
15  1  6  65  1  9  62  1  11  97  1  3  20  1  4  31  1  7  33  1  10  33  1  1  77  1  14  50  1  5  80  1  2  48  1  12  90  1  13  75  1  8  96  1  15  44
15  1  9  28  1  15  21  1  5  51  1  14  75  1  6  17  1  7  89  1  10  59  1  2  56  1  13  63  1  8  18  1  12  17  1  11  30  1  4  16  1  3  7  1  1  35
15  1  11  57  1  9  16  1  13  42  1  7  34  1  5  37  1  2  26  1  14  68  1  15  73  1  12  5  1  1  8  1  8  12  1  4  87  1  3  83  1  10  20  1  6  97
